function f=fitness(x)
f = -0.0001*x.^2 + 0.0071*x + 19.714
end
